"y"	"x.1"	"x.2"
"1"	0.919841794900033	0.922002264996991	0.0197055688128373
"2"	0.676849769219288	0.153322456171736	-0.320691157458641
"3"	0.789190735695383	0.39262046571821	0.493079054580393
"4"	0.97424250331568	0.940030471188948	1.13944079288606
"5"	0.737739815765756	0.335314652882516	0.665383384065888
"6"	0.709265015115601	0.371834455057979	-0.666005313339573
"7"	0.704972676383278	0.467267095344141	-0.43033099429313
"8"	0.835860150560005	0.916274709627032	-0.615532497936985
"9"	0.857314315850466	0.818938900716603	0.0114347973657818
"10"	0.862004486885219	0.103421642445028	1.89551580766551
"11"	0.49443003809352	0.0407129342202097	-0.761310762129894
"12"	0.8259207533153	0.883969660382718	-0.256031781342337
"13"	0.428118258062739	0.823365080403164	-2.67950587058347
"14"	0.79542403787791	0.12791959499009	0.95216902877629
"15"	0.851701846799045	0.526179793290794	-0.326082267075689
"16"	0.786373587345971	0.776627407642081	-0.803948006399343
"17"	0.558494604485954	0.174749091500416	-0.649372400758277
"18"	0.870344818580543	0.383343811379746	0.41928301597665
"19"	0.931757904594444	0.755552914226428	0.797664846113815
"20"	0.197030922880273	0.086009519174695	-2.95586267972961
"21"	0.996401998985716	0.979671272914857	1.35889298058265
"22"	0.91892317947969	0.698382144328207	0.416461404641045
"23"	0.862067228687222	0.435719409026206	0.540663776028876
"24"	0.923177583605705	0.562734992709011	1.33649876199496
"25"	0.61037327672857	0.581360663054511	-1.54444423774211
"26"	0.380392507979535	0.14208839321509	-1.23525635451606
"27"	0.378653265619537	0.247939963126555	-1.89503142530463
"28"	0.740429467003373	0.585552419535816	-0.501614734615261
"29"	0.436870926346188	0.367555916542187	-1.67624499349725
"30"	0.877737311043869	0.157311603194103	0.534031894855129
"31"	0.880127741825408	0.805192535975948	0.464740750491142
"32"	0.830080881997374	0.42843039217405	0.225476202241362
"33"	0.914033474829416	0.606354505289346	-0.469978641449697
"34"	0.982298060465058	0.783545367885381	1.78761237063108
"35"	0.401077853627607	0.0565882369410247	-1.16431221712383
"36"	0.853259176577145	0.828286984469742	-0.595363108450014
"37"	0.711307135226868	0.677505052881315	-0.483767786689823
"38"	0.714229249835218	0.111337089445442	-0.484445718393273
"39"	0.545845680879954	0.57792556937784	-2.2464967355848
"40"	0.532951190646084	0.368515868205577	-1.25482448100619
"41"	0.573496173357061	0.193187277764082	-0.571309383674109
"42"	0.650146872642986	0.345565229188651	-0.650099449327342
"43"	0.945946678015023	0.665122519945726	-0.136513274682629
"44"	0.614307613623001	0.00109918951056898	-0.438836662015027
"45"	0.851152518564182	0.143971535610035	0.64480226369567
"46"	0.728365521198219	0.42027010768652	-1.01151076578533
"47"	0.903758515904582	0.619117667665705	-0.0845063923480044
"48"	0.905696726564161	0.364115067990497	0.602960847702269
"49"	0.741640496781611	0.744967855280265	-0.931588502758963
"50"	0.973391715425299	0.691965500125661	0.320127057433138
"51"	0.906170772378883	0.657686801394448	-0.0534667045665425
"52"	0.815362556070055	0.53926526196301	-0.487202629136809
"53"	0.818011215456727	0.424321609782055	0.12410857205532
"54"	0.450841124382568	0.352988625876606	-1.27400893527066
"55"	0.985424007838112	0.72818049415946	0.183530208921405
"56"	0.623872568744614	0.655302542960271	-0.463289449151846
"57"	0.468126845384334	0.295936157694086	-0.931730508592109
"58"	0.875434912845384	0.794973413692787	1.18662468636258
"59"	0.793554843545016	0.320002307649702	0.706907241540493
"60"	0.466752745324252	0.0563520817086101	-0.93966884065705
"61"	0.875692450341713	0.621093039168045	0.463339561311799
"62"	0.519305198888244	0.100751800928265	-0.360745200061816
"63"	0.890523467134987	0.813570992555469	-0.372264524580439
"64"	0.80365439735165	0.219872147077695	0.288737532869606
"65"	0.778213996365658	0.705270667327568	-0.972268324461259
"66"	0.610391606913079	0.974678293801844	-2.23444198600929
"67"	0.469357024271814	0.150445149512962	0.00183484066102543
"68"	0.875959705285091	0.704291318310425	1.63760002519533
"69"	0.782856432816731	0.698042383184657	-0.601335354698337
"70"	0.679967605260973	0.239433239912614	-0.121862986889993
"71"	0.477587822254856	0.144861459033564	-1.19361416539031
"72"	0.798768624373333	0.265296616591513	-0.410118093411253
"73"	0.924787238096607	0.896435503615066	0.410647377918933
"74"	0.685959686641658	0.572286137612537	-1.41513386841862
"75"	0.921664512453788	0.990102113923058	0.620537880400345
"76"	0.404879411512222	0.124001657124609	-1.52744813372448
"77"	0.824803735231024	0.353808478452265	0.394370603203307
"78"	0.878054369657607	0.717199815902859	-0.596095515854597
"79"	0.830193234493072	0.586787139298394	-0.549219666924736
"80"	0.80576145404491	0.148063378641382	0.470143588007925
"81"	0.604852186211849	0.381148620741442	-0.626928609775275
"82"	0.747758814282565	0.675043084425852	-0.26480358446731
"83"	0.917067655493445	0.696086332434788	0.215131211622802
"84"	0.443917391866435	0.15594130102545	-0.942455271537394
"85"	0.880911702934239	0.731538711581379	-0.13124576892561
"86"	0.844404696839215	0.65133103216067	-0.638088185827777
"87"	0.957015737891819	0.513088929932564	1.12740144906191
"88"	0.57903205492812	0.352102570235729	-0.801825004068469
"89"	0.835295524549826	0.982760014478117	-0.753764568689493
"90"	0.907600617860568	0.880991799756885	-0.690549037936051
"91"	0.721767088225283	0.0191705455072224	0.563712162663725
"92"	0.939501070282249	0.250678763259202	1.54248683430301
"93"	0.847458573261638	0.795303799211979	0.474132160518886
"94"	0.901480805070309	0.437178467400372	0.383979564297718
"95"	0.978401548317335	0.64059380767867	2.07264798485934
"96"	0.785959808232541	0.192254391266033	0.00128047980462568
"97"	0.779123619697257	0.280383847886696	0.457183046703612
"98"	0.861649433935424	0.43388955318369	-0.2127484958334
"99"	0.702294380943734	0.575065379263833	-0.917027535460444
"100"	0.907531149777756	0.98305854271166	-0.443112943647306
