Iter  GoF  Param1  Param2  Param3  Param4  Param5  Param6  Param7  Param8  Param9  Param10  
1   2.0638909E+01   2.8188502E+01   2.2128428E+01  -1.0289503E+01  -1.4494585E+01   1.1421197E+01  -2.8651005E+01   2.9654244E+01  -5.6326151E+00   1.3813823E+00   1.6925419E+01  
2   2.0394094E+01   2.7678495E+01  -1.8315057E+01  -1.2942830E+00   1.4327351E+01   2.1812486E+01  -2.8735250E+01  -7.5466033E+00   1.3257057E+01   2.1517653E+01   6.0276380E-01  
3   2.0394094E+01   2.7678495E+01  -1.8315057E+01  -1.2942830E+00   1.4327351E+01   2.1812486E+01  -2.8735250E+01  -7.5466033E+00   1.3257057E+01   2.1517653E+01   6.0276380E-01  
4   2.0394094E+01   2.7678495E+01  -1.8315057E+01  -1.2942830E+00   1.4327351E+01   2.1812486E+01  -2.8735250E+01  -7.5466033E+00   1.3257057E+01   2.1517653E+01   6.0276380E-01  
5   2.0394094E+01   2.7678495E+01  -1.8315057E+01  -1.2942830E+00   1.4327351E+01   2.1812486E+01  -2.8735250E+01  -7.5466033E+00   1.3257057E+01   2.1517653E+01   6.0276380E-01  
6   2.0394094E+01   2.7678495E+01  -1.8315057E+01  -1.2942830E+00   1.4327351E+01   2.1812486E+01  -2.8735250E+01  -7.5466033E+00   1.3257057E+01   2.1517653E+01   6.0276380E-01  
7   1.9961408E+01   2.4685172E+01  -8.1814156E+00  -2.7443453E+00   2.2772335E+00   1.9762517E+01  -1.6491050E+01  -4.9969300E+00   1.5743601E+01   7.9299762E+00  -2.4917114E+00  
8   1.9961408E+01   2.4685172E+01  -8.1814156E+00  -2.7443453E+00   2.2772335E+00   1.9762517E+01  -1.6491050E+01  -4.9969300E+00   1.5743601E+01   7.9299762E+00  -2.4917114E+00  
9   1.9769415E+01   2.5206659E+01  -6.6671860E+00  -5.6885284E+00   2.5043869E+00   1.4873441E+01  -1.3912382E+01   5.4892692E+00   8.7974431E+00   8.5460174E+00   4.8833622E+00  
10   1.9769415E+01   2.5206659E+01  -6.6671860E+00  -5.6885284E+00   2.5043869E+00   1.4873441E+01  -1.3912382E+01   5.4892692E+00   8.7974431E+00   8.5460174E+00   4.8833622E+00  
11   1.9662380E+01   2.5861632E+01  -6.1069286E+00  -6.3397984E+00   2.6859742E+00   1.3153042E+01  -1.3501130E+01   9.2212350E+00   6.9809897E+00   9.3088237E+00   8.2972689E+00  
12   1.9662380E+01   2.5861632E+01  -6.1069286E+00  -6.3397984E+00   2.6859742E+00   1.3153042E+01  -1.3501130E+01   9.2212350E+00   6.9809897E+00   9.3088237E+00   8.2972689E+00  
13   1.9662380E+01   2.5861632E+01  -6.1069286E+00  -6.3397984E+00   2.6859742E+00   1.3153042E+01  -1.3501130E+01   9.2212350E+00   6.9809897E+00   9.3088237E+00   8.2972689E+00  
14   1.9662380E+01   2.5861632E+01  -6.1069286E+00  -6.3397984E+00   2.6859742E+00   1.3153042E+01  -1.3501130E+01   9.2212350E+00   6.9809897E+00   9.3088237E+00   8.2972689E+00  
15   1.9662380E+01   2.5861632E+01  -6.1069286E+00  -6.3397984E+00   2.6859742E+00   1.3153042E+01  -1.3501130E+01   9.2212350E+00   6.9809897E+00   9.3088237E+00   8.2972689E+00  
16   1.9462747E+01   2.5781177E+01  -6.1174336E+00  -6.3285253E+00   2.7857815E+00   1.2729315E+01  -1.3463628E+01   9.0613341E+00   6.6713610E+00   9.4012517E+00   8.5169291E+00  
17   1.6438954E+01   2.5754089E+01  -6.1512566E+00  -6.3274694E+00   2.8044468E+00   1.2842773E+01  -1.3449961E+01   8.6774124E+00   6.8281819E+00   9.2901280E+00   8.1658774E+00  
18   1.6438954E+01   2.5754089E+01  -6.1512566E+00  -6.3274694E+00   2.8044468E+00   1.2842773E+01  -1.3449961E+01   8.6774124E+00   6.8281819E+00   9.2901280E+00   8.1658774E+00  
19   1.6438954E+01   2.5754089E+01  -6.1512566E+00  -6.3274694E+00   2.8044468E+00   1.2842773E+01  -1.3449961E+01   8.6774124E+00   6.8281819E+00   9.2901280E+00   8.1658774E+00  
20   1.6438954E+01   2.5754089E+01  -6.1512566E+00  -6.3274694E+00   2.8044468E+00   1.2842773E+01  -1.3449961E+01   8.6774124E+00   6.8281819E+00   9.2901280E+00   8.1658774E+00  
21   1.6438954E+01   2.5754089E+01  -6.1512566E+00  -6.3274694E+00   2.8044468E+00   1.2842773E+01  -1.3449961E+01   8.6774124E+00   6.8281819E+00   9.2901280E+00   8.1658774E+00  
22   1.6438954E+01   2.5754089E+01  -6.1512566E+00  -6.3274694E+00   2.8044468E+00   1.2842773E+01  -1.3449961E+01   8.6774124E+00   6.8281819E+00   9.2901280E+00   8.1658774E+00  
23   1.6438954E+01   2.5754089E+01  -6.1512566E+00  -6.3274694E+00   2.8044468E+00   1.2842773E+01  -1.3449961E+01   8.6774124E+00   6.8281819E+00   9.2901280E+00   8.1658774E+00  
24   1.6438954E+01   2.5754089E+01  -6.1512566E+00  -6.3274694E+00   2.8044468E+00   1.2842773E+01  -1.3449961E+01   8.6774124E+00   6.8281819E+00   9.2901280E+00   8.1658774E+00  
25   1.6438954E+01   2.5754089E+01  -6.1512566E+00  -6.3274694E+00   2.8044468E+00   1.2842773E+01  -1.3449961E+01   8.6774124E+00   6.8281819E+00   9.2901280E+00   8.1658774E+00  
26   1.6438954E+01   2.5754089E+01  -6.1512566E+00  -6.3274694E+00   2.8044468E+00   1.2842773E+01  -1.3449961E+01   8.6774124E+00   6.8281819E+00   9.2901280E+00   8.1658774E+00  
27   1.6438954E+01   2.5754089E+01  -6.1512566E+00  -6.3274694E+00   2.8044468E+00   1.2842773E+01  -1.3449961E+01   8.6774124E+00   6.8281819E+00   9.2901280E+00   8.1658774E+00  
28   1.6438954E+01   2.5754089E+01  -6.1512566E+00  -6.3274694E+00   2.8044468E+00   1.2842773E+01  -1.3449961E+01   8.6774124E+00   6.8281819E+00   9.2901280E+00   8.1658774E+00  
29   1.6438954E+01   2.5754089E+01  -6.1512566E+00  -6.3274694E+00   2.8044468E+00   1.2842773E+01  -1.3449961E+01   8.6774124E+00   6.8281819E+00   9.2901280E+00   8.1658774E+00  
30   1.6438954E+01   2.5754089E+01  -6.1512566E+00  -6.3274694E+00   2.8044468E+00   1.2842773E+01  -1.3449961E+01   8.6774124E+00   6.8281819E+00   9.2901280E+00   8.1658774E+00  
31   1.6438954E+01   2.5754089E+01  -6.1512566E+00  -6.3274694E+00   2.8044468E+00   1.2842773E+01  -1.3449961E+01   8.6774124E+00   6.8281819E+00   9.2901280E+00   8.1658774E+00  
32   1.6438954E+01   2.5754089E+01  -6.1512566E+00  -6.3274694E+00   2.8044468E+00   1.2842773E+01  -1.3449961E+01   8.6774124E+00   6.8281819E+00   9.2901280E+00   8.1658774E+00  
33   1.6438954E+01   2.5754089E+01  -6.1512566E+00  -6.3274694E+00   2.8044468E+00   1.2842773E+01  -1.3449961E+01   8.6774124E+00   6.8281819E+00   9.2901280E+00   8.1658774E+00  
34   1.6438954E+01   2.5754089E+01  -6.1512566E+00  -6.3274694E+00   2.8044468E+00   1.2842773E+01  -1.3449961E+01   8.6774124E+00   6.8281819E+00   9.2901280E+00   8.1658774E+00  
35   1.6438954E+01   2.5754089E+01  -6.1512566E+00  -6.3274694E+00   2.8044468E+00   1.2842773E+01  -1.3449961E+01   8.6774124E+00   6.8281819E+00   9.2901280E+00   8.1658774E+00  
36   1.6438954E+01   2.5754089E+01  -6.1512566E+00  -6.3274694E+00   2.8044468E+00   1.2842773E+01  -1.3449961E+01   8.6774124E+00   6.8281819E+00   9.2901280E+00   8.1658774E+00  
37   1.6438954E+01   2.5754089E+01  -6.1512566E+00  -6.3274694E+00   2.8044468E+00   1.2842773E+01  -1.3449961E+01   8.6774124E+00   6.8281819E+00   9.2901280E+00   8.1658774E+00  
38   1.6438954E+01   2.5754089E+01  -6.1512566E+00  -6.3274694E+00   2.8044468E+00   1.2842773E+01  -1.3449961E+01   8.6774124E+00   6.8281819E+00   9.2901280E+00   8.1658774E+00  
39   1.6438954E+01   2.5754089E+01  -6.1512566E+00  -6.3274694E+00   2.8044468E+00   1.2842773E+01  -1.3449961E+01   8.6774124E+00   6.8281819E+00   9.2901280E+00   8.1658774E+00  
40   1.6438954E+01   2.5754089E+01  -6.1512566E+00  -6.3274694E+00   2.8044468E+00   1.2842773E+01  -1.3449961E+01   8.6774124E+00   6.8281819E+00   9.2901280E+00   8.1658774E+00  
41   1.6438954E+01   2.5754089E+01  -6.1512566E+00  -6.3274694E+00   2.8044468E+00   1.2842773E+01  -1.3449961E+01   8.6774124E+00   6.8281819E+00   9.2901280E+00   8.1658774E+00  
42   1.6438954E+01   2.5754089E+01  -6.1512566E+00  -6.3274694E+00   2.8044468E+00   1.2842773E+01  -1.3449961E+01   8.6774124E+00   6.8281819E+00   9.2901280E+00   8.1658774E+00  
43   1.6438954E+01   2.5754089E+01  -6.1512566E+00  -6.3274694E+00   2.8044468E+00   1.2842773E+01  -1.3449961E+01   8.6774124E+00   6.8281819E+00   9.2901280E+00   8.1658774E+00  
44   1.6438954E+01   2.5754089E+01  -6.1512566E+00  -6.3274694E+00   2.8044468E+00   1.2842773E+01  -1.3449961E+01   8.6774124E+00   6.8281819E+00   9.2901280E+00   8.1658774E+00  
45   1.6438954E+01   2.5754089E+01  -6.1512566E+00  -6.3274694E+00   2.8044468E+00   1.2842773E+01  -1.3449961E+01   8.6774124E+00   6.8281819E+00   9.2901280E+00   8.1658774E+00  
46   1.6438954E+01   2.5754089E+01  -6.1512566E+00  -6.3274694E+00   2.8044468E+00   1.2842773E+01  -1.3449961E+01   8.6774124E+00   6.8281819E+00   9.2901280E+00   8.1658774E+00  
47   1.6438954E+01   2.5754089E+01  -6.1512566E+00  -6.3274694E+00   2.8044468E+00   1.2842773E+01  -1.3449961E+01   8.6774124E+00   6.8281819E+00   9.2901280E+00   8.1658774E+00  
48   1.6438954E+01   2.5754089E+01  -6.1512566E+00  -6.3274694E+00   2.8044468E+00   1.2842773E+01  -1.3449961E+01   8.6774124E+00   6.8281819E+00   9.2901280E+00   8.1658774E+00  
49   1.6438954E+01   2.5754089E+01  -6.1512566E+00  -6.3274694E+00   2.8044468E+00   1.2842773E+01  -1.3449961E+01   8.6774124E+00   6.8281819E+00   9.2901280E+00   8.1658774E+00  
50   1.6438954E+01   2.5754089E+01  -6.1512566E+00  -6.3274694E+00   2.8044468E+00   1.2842773E+01  -1.3449961E+01   8.6774124E+00   6.8281819E+00   9.2901280E+00   8.1658774E+00  
51   1.6438954E+01   2.5754089E+01  -6.1512566E+00  -6.3274694E+00   2.8044468E+00   1.2842773E+01  -1.3449961E+01   8.6774124E+00   6.8281819E+00   9.2901280E+00   8.1658774E+00  
52   1.6438954E+01   2.5754089E+01  -6.1512566E+00  -6.3274694E+00   2.8044468E+00   1.2842773E+01  -1.3449961E+01   8.6774124E+00   6.8281819E+00   9.2901280E+00   8.1658774E+00  
53   1.6438954E+01   2.5754089E+01  -6.1512566E+00  -6.3274694E+00   2.8044468E+00   1.2842773E+01  -1.3449961E+01   8.6774124E+00   6.8281819E+00   9.2901280E+00   8.1658774E+00  
54   1.6438954E+01   2.5754089E+01  -6.1512566E+00  -6.3274694E+00   2.8044468E+00   1.2842773E+01  -1.3449961E+01   8.6774124E+00   6.8281819E+00   9.2901280E+00   8.1658774E+00  
55   1.6438954E+01   2.5754089E+01  -6.1512566E+00  -6.3274694E+00   2.8044468E+00   1.2842773E+01  -1.3449961E+01   8.6774124E+00   6.8281819E+00   9.2901280E+00   8.1658774E+00  
56   1.6438954E+01   2.5754089E+01  -6.1512566E+00  -6.3274694E+00   2.8044468E+00   1.2842773E+01  -1.3449961E+01   8.6774124E+00   6.8281819E+00   9.2901280E+00   8.1658774E+00  
57   1.6438954E+01   2.5754089E+01  -6.1512566E+00  -6.3274694E+00   2.8044468E+00   1.2842773E+01  -1.3449961E+01   8.6774124E+00   6.8281819E+00   9.2901280E+00   8.1658774E+00  
58   1.6438954E+01   2.5754089E+01  -6.1512566E+00  -6.3274694E+00   2.8044468E+00   1.2842773E+01  -1.3449961E+01   8.6774124E+00   6.8281819E+00   9.2901280E+00   8.1658774E+00  
59   1.6438954E+01   2.5754089E+01  -6.1512566E+00  -6.3274694E+00   2.8044468E+00   1.2842773E+01  -1.3449961E+01   8.6774124E+00   6.8281819E+00   9.2901280E+00   8.1658774E+00  
60   1.6438954E+01   2.5754089E+01  -6.1512566E+00  -6.3274694E+00   2.8044468E+00   1.2842773E+01  -1.3449961E+01   8.6774124E+00   6.8281819E+00   9.2901280E+00   8.1658774E+00  
61   1.6438954E+01   2.5754089E+01  -6.1512566E+00  -6.3274694E+00   2.8044468E+00   1.2842773E+01  -1.3449961E+01   8.6774124E+00   6.8281819E+00   9.2901280E+00   8.1658774E+00  
62   1.6438954E+01   2.5754089E+01  -6.1512566E+00  -6.3274694E+00   2.8044468E+00   1.2842773E+01  -1.3449961E+01   8.6774124E+00   6.8281819E+00   9.2901280E+00   8.1658774E+00  
63   1.6438954E+01   2.5754089E+01  -6.1512566E+00  -6.3274694E+00   2.8044468E+00   1.2842773E+01  -1.3449961E+01   8.6774124E+00   6.8281819E+00   9.2901280E+00   8.1658774E+00  
64   1.6438954E+01   2.5754089E+01  -6.1512566E+00  -6.3274694E+00   2.8044468E+00   1.2842773E+01  -1.3449961E+01   8.6774124E+00   6.8281819E+00   9.2901280E+00   8.1658774E+00  
65   1.6438954E+01   2.5754089E+01  -6.1512566E+00  -6.3274694E+00   2.8044468E+00   1.2842773E+01  -1.3449961E+01   8.6774124E+00   6.8281819E+00   9.2901280E+00   8.1658774E+00  
66   1.6438954E+01   2.5754089E+01  -6.1512566E+00  -6.3274694E+00   2.8044468E+00   1.2842773E+01  -1.3449961E+01   8.6774124E+00   6.8281819E+00   9.2901280E+00   8.1658774E+00  
67   1.6438954E+01   2.5754089E+01  -6.1512566E+00  -6.3274694E+00   2.8044468E+00   1.2842773E+01  -1.3449961E+01   8.6774124E+00   6.8281819E+00   9.2901280E+00   8.1658774E+00  
68   1.6438954E+01   2.5754089E+01  -6.1512566E+00  -6.3274694E+00   2.8044468E+00   1.2842773E+01  -1.3449961E+01   8.6774124E+00   6.8281819E+00   9.2901280E+00   8.1658774E+00  
69   1.6427827E+01   2.5754711E+01  -6.1522286E+00  -6.3275846E+00   2.8054081E+00   1.2845253E+01  -1.3449615E+01   8.6773366E+00   6.8284505E+00   9.2895635E+00   8.1658430E+00  
70   1.5059106E+01   2.5754677E+01  -6.1522497E+00  -6.3281542E+00   2.8054702E+00   1.2845550E+01  -1.3448569E+01   8.6771615E+00   6.8284377E+00   9.2898238E+00   8.1660581E+00  
71   1.5059106E+01   2.5754677E+01  -6.1522497E+00  -6.3281542E+00   2.8054702E+00   1.2845550E+01  -1.3448569E+01   8.6771615E+00   6.8284377E+00   9.2898238E+00   8.1660581E+00  
72   1.5059106E+01   2.5754677E+01  -6.1522497E+00  -6.3281542E+00   2.8054702E+00   1.2845550E+01  -1.3448569E+01   8.6771615E+00   6.8284377E+00   9.2898238E+00   8.1660581E+00  
73   1.5059106E+01   2.5754677E+01  -6.1522497E+00  -6.3281542E+00   2.8054702E+00   1.2845550E+01  -1.3448569E+01   8.6771615E+00   6.8284377E+00   9.2898238E+00   8.1660581E+00  
74   1.5059106E+01   2.5754677E+01  -6.1522497E+00  -6.3281542E+00   2.8054702E+00   1.2845550E+01  -1.3448569E+01   8.6771615E+00   6.8284377E+00   9.2898238E+00   8.1660581E+00  
75   1.5059106E+01   2.5754677E+01  -6.1522497E+00  -6.3281542E+00   2.8054702E+00   1.2845550E+01  -1.3448569E+01   8.6771615E+00   6.8284377E+00   9.2898238E+00   8.1660581E+00  
76   1.5059106E+01   2.5754677E+01  -6.1522497E+00  -6.3281542E+00   2.8054702E+00   1.2845550E+01  -1.3448569E+01   8.6771615E+00   6.8284377E+00   9.2898238E+00   8.1660581E+00  
77   1.5059106E+01   2.5754677E+01  -6.1522497E+00  -6.3281542E+00   2.8054702E+00   1.2845550E+01  -1.3448569E+01   8.6771615E+00   6.8284377E+00   9.2898238E+00   8.1660581E+00  
78   1.5059106E+01   2.5754677E+01  -6.1522497E+00  -6.3281542E+00   2.8054702E+00   1.2845550E+01  -1.3448569E+01   8.6771615E+00   6.8284377E+00   9.2898238E+00   8.1660581E+00  
79   1.5059106E+01   2.5754677E+01  -6.1522497E+00  -6.3281542E+00   2.8054702E+00   1.2845550E+01  -1.3448569E+01   8.6771615E+00   6.8284377E+00   9.2898238E+00   8.1660581E+00  
80   1.5059106E+01   2.5754677E+01  -6.1522497E+00  -6.3281542E+00   2.8054702E+00   1.2845550E+01  -1.3448569E+01   8.6771615E+00   6.8284377E+00   9.2898238E+00   8.1660581E+00  
81   1.5059106E+01   2.5754677E+01  -6.1522497E+00  -6.3281542E+00   2.8054702E+00   1.2845550E+01  -1.3448569E+01   8.6771615E+00   6.8284377E+00   9.2898238E+00   8.1660581E+00  
82   1.5059106E+01   2.5754677E+01  -6.1522497E+00  -6.3281542E+00   2.8054702E+00   1.2845550E+01  -1.3448569E+01   8.6771615E+00   6.8284377E+00   9.2898238E+00   8.1660581E+00  
83   1.5059106E+01   2.5754677E+01  -6.1522497E+00  -6.3281542E+00   2.8054702E+00   1.2845550E+01  -1.3448569E+01   8.6771615E+00   6.8284377E+00   9.2898238E+00   8.1660581E+00  
84   1.5059106E+01   2.5754677E+01  -6.1522497E+00  -6.3281542E+00   2.8054702E+00   1.2845550E+01  -1.3448569E+01   8.6771615E+00   6.8284377E+00   9.2898238E+00   8.1660581E+00  
85   1.5059106E+01   2.5754677E+01  -6.1522497E+00  -6.3281542E+00   2.8054702E+00   1.2845550E+01  -1.3448569E+01   8.6771615E+00   6.8284377E+00   9.2898238E+00   8.1660581E+00  
86   1.5059106E+01   2.5754677E+01  -6.1522497E+00  -6.3281542E+00   2.8054702E+00   1.2845550E+01  -1.3448569E+01   8.6771615E+00   6.8284377E+00   9.2898238E+00   8.1660581E+00  
87   1.5059106E+01   2.5754677E+01  -6.1522497E+00  -6.3281542E+00   2.8054702E+00   1.2845550E+01  -1.3448569E+01   8.6771615E+00   6.8284377E+00   9.2898238E+00   8.1660581E+00  
88   1.5059106E+01   2.5754677E+01  -6.1522497E+00  -6.3281542E+00   2.8054702E+00   1.2845550E+01  -1.3448569E+01   8.6771615E+00   6.8284377E+00   9.2898238E+00   8.1660581E+00  
89   1.5059106E+01   2.5754677E+01  -6.1522497E+00  -6.3281542E+00   2.8054702E+00   1.2845550E+01  -1.3448569E+01   8.6771615E+00   6.8284377E+00   9.2898238E+00   8.1660581E+00  
90   1.5059106E+01   2.5754677E+01  -6.1522497E+00  -6.3281542E+00   2.8054702E+00   1.2845550E+01  -1.3448569E+01   8.6771615E+00   6.8284377E+00   9.2898238E+00   8.1660581E+00  
91   1.5059106E+01   2.5754677E+01  -6.1522497E+00  -6.3281542E+00   2.8054702E+00   1.2845550E+01  -1.3448569E+01   8.6771615E+00   6.8284377E+00   9.2898238E+00   8.1660581E+00  
92   1.5059106E+01   2.5754677E+01  -6.1522497E+00  -6.3281542E+00   2.8054702E+00   1.2845550E+01  -1.3448569E+01   8.6771615E+00   6.8284377E+00   9.2898238E+00   8.1660581E+00  
93   1.5059106E+01   2.5754677E+01  -6.1522497E+00  -6.3281542E+00   2.8054702E+00   1.2845550E+01  -1.3448569E+01   8.6771615E+00   6.8284377E+00   9.2898238E+00   8.1660581E+00  
94   1.5059106E+01   2.5754677E+01  -6.1522497E+00  -6.3281542E+00   2.8054702E+00   1.2845550E+01  -1.3448569E+01   8.6771615E+00   6.8284377E+00   9.2898238E+00   8.1660581E+00  
95   1.5059106E+01   2.5754677E+01  -6.1522497E+00  -6.3281542E+00   2.8054702E+00   1.2845550E+01  -1.3448569E+01   8.6771615E+00   6.8284377E+00   9.2898238E+00   8.1660581E+00  
96   1.5059106E+01   2.5754677E+01  -6.1522497E+00  -6.3281542E+00   2.8054702E+00   1.2845550E+01  -1.3448569E+01   8.6771615E+00   6.8284377E+00   9.2898238E+00   8.1660581E+00  
97   1.5059106E+01   2.5754677E+01  -6.1522497E+00  -6.3281542E+00   2.8054702E+00   1.2845550E+01  -1.3448569E+01   8.6771615E+00   6.8284377E+00   9.2898238E+00   8.1660581E+00  
98   1.5059106E+01   2.5754677E+01  -6.1522497E+00  -6.3281542E+00   2.8054702E+00   1.2845550E+01  -1.3448569E+01   8.6771615E+00   6.8284377E+00   9.2898238E+00   8.1660581E+00  
99   1.5059106E+01   2.5754677E+01  -6.1522497E+00  -6.3281542E+00   2.8054702E+00   1.2845550E+01  -1.3448569E+01   8.6771615E+00   6.8284377E+00   9.2898238E+00   8.1660581E+00  
100   1.5059106E+01   2.5754677E+01  -6.1522497E+00  -6.3281542E+00   2.8054702E+00   1.2845550E+01  -1.3448569E+01   8.6771615E+00   6.8284377E+00   9.2898238E+00   8.1660581E+00  
101   1.5059106E+01   2.5754677E+01  -6.1522497E+00  -6.3281542E+00   2.8054702E+00   1.2845550E+01  -1.3448569E+01   8.6771615E+00   6.8284377E+00   9.2898238E+00   8.1660581E+00  
102   1.5059106E+01   2.5754677E+01  -6.1522497E+00  -6.3281542E+00   2.8054702E+00   1.2845550E+01  -1.3448569E+01   8.6771615E+00   6.8284377E+00   9.2898238E+00   8.1660581E+00  
103   1.5059106E+01   2.5754677E+01  -6.1522497E+00  -6.3281542E+00   2.8054702E+00   1.2845550E+01  -1.3448569E+01   8.6771615E+00   6.8284377E+00   9.2898238E+00   8.1660581E+00  
104   1.5059106E+01   2.5754677E+01  -6.1522497E+00  -6.3281542E+00   2.8054702E+00   1.2845550E+01  -1.3448569E+01   8.6771615E+00   6.8284377E+00   9.2898238E+00   8.1660581E+00  
105   1.5059106E+01   2.5754677E+01  -6.1522497E+00  -6.3281542E+00   2.8054702E+00   1.2845550E+01  -1.3448569E+01   8.6771615E+00   6.8284377E+00   9.2898238E+00   8.1660581E+00  
106   1.5059106E+01   2.5754677E+01  -6.1522497E+00  -6.3281542E+00   2.8054702E+00   1.2845550E+01  -1.3448569E+01   8.6771615E+00   6.8284377E+00   9.2898238E+00   8.1660581E+00  
107   1.5059106E+01   2.5754677E+01  -6.1522497E+00  -6.3281542E+00   2.8054702E+00   1.2845550E+01  -1.3448569E+01   8.6771615E+00   6.8284377E+00   9.2898238E+00   8.1660581E+00  
108   1.5059106E+01   2.5754677E+01  -6.1522497E+00  -6.3281542E+00   2.8054702E+00   1.2845550E+01  -1.3448569E+01   8.6771615E+00   6.8284377E+00   9.2898238E+00   8.1660581E+00  
109   1.5059106E+01   2.5754677E+01  -6.1522497E+00  -6.3281542E+00   2.8054702E+00   1.2845550E+01  -1.3448569E+01   8.6771615E+00   6.8284377E+00   9.2898238E+00   8.1660581E+00  
110   1.5059106E+01   2.5754677E+01  -6.1522497E+00  -6.3281542E+00   2.8054702E+00   1.2845550E+01  -1.3448569E+01   8.6771615E+00   6.8284377E+00   9.2898238E+00   8.1660581E+00  
111   1.5059106E+01   2.5754677E+01  -6.1522497E+00  -6.3281542E+00   2.8054702E+00   1.2845550E+01  -1.3448569E+01   8.6771615E+00   6.8284377E+00   9.2898238E+00   8.1660581E+00  
112   1.5059106E+01   2.5754677E+01  -6.1522497E+00  -6.3281542E+00   2.8054702E+00   1.2845550E+01  -1.3448569E+01   8.6771615E+00   6.8284377E+00   9.2898238E+00   8.1660581E+00  
113   1.5059106E+01   2.5754677E+01  -6.1522497E+00  -6.3281542E+00   2.8054702E+00   1.2845550E+01  -1.3448569E+01   8.6771615E+00   6.8284377E+00   9.2898238E+00   8.1660581E+00  
114   1.5059106E+01   2.5754677E+01  -6.1522497E+00  -6.3281542E+00   2.8054702E+00   1.2845550E+01  -1.3448569E+01   8.6771615E+00   6.8284377E+00   9.2898238E+00   8.1660581E+00  
115   1.5059106E+01   2.5754677E+01  -6.1522497E+00  -6.3281542E+00   2.8054702E+00   1.2845550E+01  -1.3448569E+01   8.6771615E+00   6.8284377E+00   9.2898238E+00   8.1660581E+00  
116   1.5059106E+01   2.5754677E+01  -6.1522497E+00  -6.3281542E+00   2.8054702E+00   1.2845550E+01  -1.3448569E+01   8.6771615E+00   6.8284377E+00   9.2898238E+00   8.1660581E+00  
117   1.5059106E+01   2.5754677E+01  -6.1522497E+00  -6.3281542E+00   2.8054702E+00   1.2845550E+01  -1.3448569E+01   8.6771615E+00   6.8284377E+00   9.2898238E+00   8.1660581E+00  
118   1.5059106E+01   2.5754677E+01  -6.1522497E+00  -6.3281542E+00   2.8054702E+00   1.2845550E+01  -1.3448569E+01   8.6771615E+00   6.8284377E+00   9.2898238E+00   8.1660581E+00  
119   1.5059106E+01   2.5754677E+01  -6.1522497E+00  -6.3281542E+00   2.8054702E+00   1.2845550E+01  -1.3448569E+01   8.6771615E+00   6.8284377E+00   9.2898238E+00   8.1660581E+00  
120   1.5059106E+01   2.5754677E+01  -6.1522497E+00  -6.3281542E+00   2.8054702E+00   1.2845550E+01  -1.3448569E+01   8.6771615E+00   6.8284377E+00   9.2898238E+00   8.1660581E+00  
121   1.5059106E+01   2.5754677E+01  -6.1522497E+00  -6.3281542E+00   2.8054702E+00   1.2845550E+01  -1.3448569E+01   8.6771615E+00   6.8284377E+00   9.2898238E+00   8.1660581E+00  
122   1.5059106E+01   2.5754677E+01  -6.1522497E+00  -6.3281542E+00   2.8054702E+00   1.2845550E+01  -1.3448569E+01   8.6771615E+00   6.8284377E+00   9.2898238E+00   8.1660581E+00  
123   1.5059106E+01   2.5754677E+01  -6.1522497E+00  -6.3281542E+00   2.8054702E+00   1.2845550E+01  -1.3448569E+01   8.6771615E+00   6.8284377E+00   9.2898238E+00   8.1660581E+00  
124   1.5059106E+01   2.5754677E+01  -6.1522497E+00  -6.3281542E+00   2.8054702E+00   1.2845550E+01  -1.3448569E+01   8.6771615E+00   6.8284377E+00   9.2898238E+00   8.1660581E+00  
125   1.5059106E+01   2.5754677E+01  -6.1522497E+00  -6.3281542E+00   2.8054702E+00   1.2845550E+01  -1.3448569E+01   8.6771615E+00   6.8284377E+00   9.2898238E+00   8.1660581E+00  
126   1.5059106E+01   2.5754677E+01  -6.1522497E+00  -6.3281542E+00   2.8054702E+00   1.2845550E+01  -1.3448569E+01   8.6771615E+00   6.8284377E+00   9.2898238E+00   8.1660581E+00  
127   1.5059106E+01   2.5754677E+01  -6.1522497E+00  -6.3281542E+00   2.8054702E+00   1.2845550E+01  -1.3448569E+01   8.6771615E+00   6.8284377E+00   9.2898238E+00   8.1660581E+00  
128   1.5059106E+01   2.5754677E+01  -6.1522497E+00  -6.3281542E+00   2.8054702E+00   1.2845550E+01  -1.3448569E+01   8.6771615E+00   6.8284377E+00   9.2898238E+00   8.1660581E+00  
129   1.5059106E+01   2.5754677E+01  -6.1522497E+00  -6.3281542E+00   2.8054702E+00   1.2845550E+01  -1.3448569E+01   8.6771615E+00   6.8284377E+00   9.2898238E+00   8.1660581E+00  
130   1.5059106E+01   2.5754677E+01  -6.1522497E+00  -6.3281542E+00   2.8054702E+00   1.2845550E+01  -1.3448569E+01   8.6771615E+00   6.8284377E+00   9.2898238E+00   8.1660581E+00  
131   1.5059106E+01   2.5754677E+01  -6.1522497E+00  -6.3281542E+00   2.8054702E+00   1.2845550E+01  -1.3448569E+01   8.6771615E+00   6.8284377E+00   9.2898238E+00   8.1660581E+00  
132   1.5059106E+01   2.5754677E+01  -6.1522497E+00  -6.3281542E+00   2.8054702E+00   1.2845550E+01  -1.3448569E+01   8.6771615E+00   6.8284377E+00   9.2898238E+00   8.1660581E+00  
133   1.5059106E+01   2.5754677E+01  -6.1522497E+00  -6.3281542E+00   2.8054702E+00   1.2845550E+01  -1.3448569E+01   8.6771615E+00   6.8284377E+00   9.2898238E+00   8.1660581E+00  
134   1.5059106E+01   2.5754677E+01  -6.1522497E+00  -6.3281542E+00   2.8054702E+00   1.2845550E+01  -1.3448569E+01   8.6771615E+00   6.8284377E+00   9.2898238E+00   8.1660581E+00  
135   1.5059106E+01   2.5754677E+01  -6.1522497E+00  -6.3281542E+00   2.8054702E+00   1.2845550E+01  -1.3448569E+01   8.6771615E+00   6.8284377E+00   9.2898238E+00   8.1660581E+00  
136   1.5059106E+01   2.5754677E+01  -6.1522497E+00  -6.3281542E+00   2.8054702E+00   1.2845550E+01  -1.3448569E+01   8.6771615E+00   6.8284377E+00   9.2898238E+00   8.1660581E+00  
137   1.5059106E+01   2.5754677E+01  -6.1522497E+00  -6.3281542E+00   2.8054702E+00   1.2845550E+01  -1.3448569E+01   8.6771615E+00   6.8284377E+00   9.2898238E+00   8.1660581E+00  
138   1.5059106E+01   2.5754677E+01  -6.1522497E+00  -6.3281542E+00   2.8054702E+00   1.2845550E+01  -1.3448569E+01   8.6771615E+00   6.8284377E+00   9.2898238E+00   8.1660581E+00  
139   1.5059106E+01   2.5754677E+01  -6.1522497E+00  -6.3281542E+00   2.8054702E+00   1.2845550E+01  -1.3448569E+01   8.6771615E+00   6.8284377E+00   9.2898238E+00   8.1660581E+00  
140   1.5059106E+01   2.5754677E+01  -6.1522497E+00  -6.3281542E+00   2.8054702E+00   1.2845550E+01  -1.3448569E+01   8.6771615E+00   6.8284377E+00   9.2898238E+00   8.1660581E+00  
141   1.5059106E+01   2.5754677E+01  -6.1522497E+00  -6.3281542E+00   2.8054702E+00   1.2845550E+01  -1.3448569E+01   8.6771615E+00   6.8284377E+00   9.2898238E+00   8.1660581E+00  
142   1.5059106E+01   2.5754677E+01  -6.1522497E+00  -6.3281542E+00   2.8054702E+00   1.2845550E+01  -1.3448569E+01   8.6771615E+00   6.8284377E+00   9.2898238E+00   8.1660581E+00  
143   1.5059106E+01   2.5754677E+01  -6.1522497E+00  -6.3281542E+00   2.8054702E+00   1.2845550E+01  -1.3448569E+01   8.6771615E+00   6.8284377E+00   9.2898238E+00   8.1660581E+00  
144   1.5059106E+01   2.5754677E+01  -6.1522497E+00  -6.3281542E+00   2.8054702E+00   1.2845550E+01  -1.3448569E+01   8.6771615E+00   6.8284377E+00   9.2898238E+00   8.1660581E+00  
145   1.5059106E+01   2.5754677E+01  -6.1522497E+00  -6.3281542E+00   2.8054702E+00   1.2845550E+01  -1.3448569E+01   8.6771615E+00   6.8284377E+00   9.2898238E+00   8.1660581E+00  
146   1.5059106E+01   2.5754677E+01  -6.1522497E+00  -6.3281542E+00   2.8054702E+00   1.2845550E+01  -1.3448569E+01   8.6771615E+00   6.8284377E+00   9.2898238E+00   8.1660581E+00  
147   1.5059106E+01   2.5754677E+01  -6.1522497E+00  -6.3281542E+00   2.8054702E+00   1.2845550E+01  -1.3448569E+01   8.6771615E+00   6.8284377E+00   9.2898238E+00   8.1660581E+00  
148   1.5059106E+01   2.5754677E+01  -6.1522497E+00  -6.3281542E+00   2.8054702E+00   1.2845550E+01  -1.3448569E+01   8.6771615E+00   6.8284377E+00   9.2898238E+00   8.1660581E+00  
149   1.5059106E+01   2.5754677E+01  -6.1522497E+00  -6.3281542E+00   2.8054702E+00   1.2845550E+01  -1.3448569E+01   8.6771615E+00   6.8284377E+00   9.2898238E+00   8.1660581E+00  
150   1.5059106E+01   2.5754677E+01  -6.1522497E+00  -6.3281542E+00   2.8054702E+00   1.2845550E+01  -1.3448569E+01   8.6771615E+00   6.8284377E+00   9.2898238E+00   8.1660581E+00  
151   1.5059106E+01   2.5754677E+01  -6.1522497E+00  -6.3281542E+00   2.8054702E+00   1.2845550E+01  -1.3448569E+01   8.6771615E+00   6.8284377E+00   9.2898238E+00   8.1660581E+00  
152   1.5059106E+01   2.5754677E+01  -6.1522497E+00  -6.3281542E+00   2.8054702E+00   1.2845550E+01  -1.3448569E+01   8.6771615E+00   6.8284377E+00   9.2898238E+00   8.1660581E+00  
153   1.5059106E+01   2.5754677E+01  -6.1522497E+00  -6.3281542E+00   2.8054702E+00   1.2845550E+01  -1.3448569E+01   8.6771615E+00   6.8284377E+00   9.2898238E+00   8.1660581E+00  
154   1.5059106E+01   2.5754677E+01  -6.1522497E+00  -6.3281542E+00   2.8054702E+00   1.2845550E+01  -1.3448569E+01   8.6771615E+00   6.8284377E+00   9.2898238E+00   8.1660581E+00  
155   1.5059106E+01   2.5754677E+01  -6.1522497E+00  -6.3281542E+00   2.8054702E+00   1.2845550E+01  -1.3448569E+01   8.6771615E+00   6.8284377E+00   9.2898238E+00   8.1660581E+00  
156   1.5059106E+01   2.5754677E+01  -6.1522497E+00  -6.3281542E+00   2.8054702E+00   1.2845550E+01  -1.3448569E+01   8.6771615E+00   6.8284377E+00   9.2898238E+00   8.1660581E+00  
157   1.5059106E+01   2.5754677E+01  -6.1522497E+00  -6.3281542E+00   2.8054702E+00   1.2845550E+01  -1.3448569E+01   8.6771615E+00   6.8284377E+00   9.2898238E+00   8.1660581E+00  
158   1.5059106E+01   2.5754677E+01  -6.1522497E+00  -6.3281542E+00   2.8054702E+00   1.2845550E+01  -1.3448569E+01   8.6771615E+00   6.8284377E+00   9.2898238E+00   8.1660581E+00  
159   1.5059106E+01   2.5754677E+01  -6.1522497E+00  -6.3281542E+00   2.8054702E+00   1.2845550E+01  -1.3448569E+01   8.6771615E+00   6.8284377E+00   9.2898238E+00   8.1660581E+00  
160   1.5059106E+01   2.5754677E+01  -6.1522497E+00  -6.3281542E+00   2.8054702E+00   1.2845550E+01  -1.3448569E+01   8.6771615E+00   6.8284377E+00   9.2898238E+00   8.1660581E+00  
161   1.5059106E+01   2.5754677E+01  -6.1522497E+00  -6.3281542E+00   2.8054702E+00   1.2845550E+01  -1.3448569E+01   8.6771615E+00   6.8284377E+00   9.2898238E+00   8.1660581E+00  
162   1.5059106E+01   2.5754677E+01  -6.1522497E+00  -6.3281542E+00   2.8054702E+00   1.2845550E+01  -1.3448569E+01   8.6771615E+00   6.8284377E+00   9.2898238E+00   8.1660581E+00  
163   1.5059106E+01   2.5754677E+01  -6.1522497E+00  -6.3281542E+00   2.8054702E+00   1.2845550E+01  -1.3448569E+01   8.6771615E+00   6.8284377E+00   9.2898238E+00   8.1660581E+00  
164   1.5059106E+01   2.5754677E+01  -6.1522497E+00  -6.3281542E+00   2.8054702E+00   1.2845550E+01  -1.3448569E+01   8.6771615E+00   6.8284377E+00   9.2898238E+00   8.1660581E+00  
165   1.5059106E+01   2.5754677E+01  -6.1522497E+00  -6.3281542E+00   2.8054702E+00   1.2845550E+01  -1.3448569E+01   8.6771615E+00   6.8284377E+00   9.2898238E+00   8.1660581E+00  
166   1.5059106E+01   2.5754677E+01  -6.1522497E+00  -6.3281542E+00   2.8054702E+00   1.2845550E+01  -1.3448569E+01   8.6771615E+00   6.8284377E+00   9.2898238E+00   8.1660581E+00  
167   1.5059106E+01   2.5754677E+01  -6.1522497E+00  -6.3281542E+00   2.8054702E+00   1.2845550E+01  -1.3448569E+01   8.6771615E+00   6.8284377E+00   9.2898238E+00   8.1660581E+00  
168   1.5059106E+01   2.5754677E+01  -6.1522497E+00  -6.3281542E+00   2.8054702E+00   1.2845550E+01  -1.3448569E+01   8.6771615E+00   6.8284377E+00   9.2898238E+00   8.1660581E+00  
169   1.5059106E+01   2.5754677E+01  -6.1522497E+00  -6.3281542E+00   2.8054702E+00   1.2845550E+01  -1.3448569E+01   8.6771615E+00   6.8284377E+00   9.2898238E+00   8.1660581E+00  
170   1.5059106E+01   2.5754677E+01  -6.1522497E+00  -6.3281542E+00   2.8054702E+00   1.2845550E+01  -1.3448569E+01   8.6771615E+00   6.8284377E+00   9.2898238E+00   8.1660581E+00  
171   1.5059106E+01   2.5754677E+01  -6.1522497E+00  -6.3281542E+00   2.8054702E+00   1.2845550E+01  -1.3448569E+01   8.6771615E+00   6.8284377E+00   9.2898238E+00   8.1660581E+00  
172   1.5059106E+01   2.5754677E+01  -6.1522497E+00  -6.3281542E+00   2.8054702E+00   1.2845550E+01  -1.3448569E+01   8.6771615E+00   6.8284377E+00   9.2898238E+00   8.1660581E+00  
173   1.5059106E+01   2.5754677E+01  -6.1522497E+00  -6.3281542E+00   2.8054702E+00   1.2845550E+01  -1.3448569E+01   8.6771615E+00   6.8284377E+00   9.2898238E+00   8.1660581E+00  
174   1.5059106E+01   2.5754677E+01  -6.1522497E+00  -6.3281542E+00   2.8054702E+00   1.2845550E+01  -1.3448569E+01   8.6771615E+00   6.8284377E+00   9.2898238E+00   8.1660581E+00  
175   1.5059106E+01   2.5754677E+01  -6.1522497E+00  -6.3281542E+00   2.8054702E+00   1.2845550E+01  -1.3448569E+01   8.6771615E+00   6.8284377E+00   9.2898238E+00   8.1660581E+00  
176   1.5059106E+01   2.5754677E+01  -6.1522497E+00  -6.3281542E+00   2.8054702E+00   1.2845550E+01  -1.3448569E+01   8.6771615E+00   6.8284377E+00   9.2898238E+00   8.1660581E+00  
177   1.5059106E+01   2.5754677E+01  -6.1522497E+00  -6.3281542E+00   2.8054702E+00   1.2845550E+01  -1.3448569E+01   8.6771615E+00   6.8284377E+00   9.2898238E+00   8.1660581E+00  
178   1.5059106E+01   2.5754677E+01  -6.1522497E+00  -6.3281542E+00   2.8054702E+00   1.2845550E+01  -1.3448569E+01   8.6771615E+00   6.8284377E+00   9.2898238E+00   8.1660581E+00  
179   1.5059106E+01   2.5754677E+01  -6.1522497E+00  -6.3281542E+00   2.8054702E+00   1.2845550E+01  -1.3448569E+01   8.6771615E+00   6.8284377E+00   9.2898238E+00   8.1660581E+00  
180   1.5059106E+01   2.5754677E+01  -6.1522497E+00  -6.3281542E+00   2.8054702E+00   1.2845550E+01  -1.3448569E+01   8.6771615E+00   6.8284377E+00   9.2898238E+00   8.1660581E+00  
181   1.5059106E+01   2.5754677E+01  -6.1522497E+00  -6.3281542E+00   2.8054702E+00   1.2845550E+01  -1.3448569E+01   8.6771615E+00   6.8284377E+00   9.2898238E+00   8.1660581E+00  
182   1.5059106E+01   2.5754677E+01  -6.1522497E+00  -6.3281542E+00   2.8054702E+00   1.2845550E+01  -1.3448569E+01   8.6771615E+00   6.8284377E+00   9.2898238E+00   8.1660581E+00  
183   1.5059106E+01   2.5754677E+01  -6.1522497E+00  -6.3281542E+00   2.8054702E+00   1.2845550E+01  -1.3448569E+01   8.6771615E+00   6.8284377E+00   9.2898238E+00   8.1660581E+00  
184   1.5059106E+01   2.5754677E+01  -6.1522497E+00  -6.3281542E+00   2.8054702E+00   1.2845550E+01  -1.3448569E+01   8.6771615E+00   6.8284377E+00   9.2898238E+00   8.1660581E+00  
185   1.5059106E+01   2.5754677E+01  -6.1522497E+00  -6.3281542E+00   2.8054702E+00   1.2845550E+01  -1.3448569E+01   8.6771615E+00   6.8284377E+00   9.2898238E+00   8.1660581E+00  
186   1.5059106E+01   2.5754677E+01  -6.1522497E+00  -6.3281542E+00   2.8054702E+00   1.2845550E+01  -1.3448569E+01   8.6771615E+00   6.8284377E+00   9.2898238E+00   8.1660581E+00  
187   1.5059106E+01   2.5754677E+01  -6.1522497E+00  -6.3281542E+00   2.8054702E+00   1.2845550E+01  -1.3448569E+01   8.6771615E+00   6.8284377E+00   9.2898238E+00   8.1660581E+00  
188   1.5059106E+01   2.5754677E+01  -6.1522497E+00  -6.3281542E+00   2.8054702E+00   1.2845550E+01  -1.3448569E+01   8.6771615E+00   6.8284377E+00   9.2898238E+00   8.1660581E+00  
189   1.5059106E+01   2.5754677E+01  -6.1522497E+00  -6.3281542E+00   2.8054702E+00   1.2845550E+01  -1.3448569E+01   8.6771615E+00   6.8284377E+00   9.2898238E+00   8.1660581E+00  
190   1.5059106E+01   2.5754677E+01  -6.1522497E+00  -6.3281542E+00   2.8054702E+00   1.2845550E+01  -1.3448569E+01   8.6771615E+00   6.8284377E+00   9.2898238E+00   8.1660581E+00  
191   1.5059106E+01   2.5754677E+01  -6.1522497E+00  -6.3281542E+00   2.8054702E+00   1.2845550E+01  -1.3448569E+01   8.6771615E+00   6.8284377E+00   9.2898238E+00   8.1660581E+00  
192   1.5059106E+01   2.5754677E+01  -6.1522497E+00  -6.3281542E+00   2.8054702E+00   1.2845550E+01  -1.3448569E+01   8.6771615E+00   6.8284377E+00   9.2898238E+00   8.1660581E+00  
193   1.5059106E+01   2.5754677E+01  -6.1522497E+00  -6.3281542E+00   2.8054702E+00   1.2845550E+01  -1.3448569E+01   8.6771615E+00   6.8284377E+00   9.2898238E+00   8.1660581E+00  
194   1.5059106E+01   2.5754677E+01  -6.1522497E+00  -6.3281542E+00   2.8054702E+00   1.2845550E+01  -1.3448569E+01   8.6771615E+00   6.8284377E+00   9.2898238E+00   8.1660581E+00  
195   1.5059106E+01   2.5754677E+01  -6.1522497E+00  -6.3281542E+00   2.8054702E+00   1.2845550E+01  -1.3448569E+01   8.6771615E+00   6.8284377E+00   9.2898238E+00   8.1660581E+00  
196   1.5059106E+01   2.5754677E+01  -6.1522497E+00  -6.3281542E+00   2.8054702E+00   1.2845550E+01  -1.3448569E+01   8.6771615E+00   6.8284377E+00   9.2898238E+00   8.1660581E+00  
197   1.5059106E+01   2.5754677E+01  -6.1522497E+00  -6.3281542E+00   2.8054702E+00   1.2845550E+01  -1.3448569E+01   8.6771615E+00   6.8284377E+00   9.2898238E+00   8.1660581E+00  
198   1.5059106E+01   2.5754677E+01  -6.1522497E+00  -6.3281542E+00   2.8054702E+00   1.2845550E+01  -1.3448569E+01   8.6771615E+00   6.8284377E+00   9.2898238E+00   8.1660581E+00  
199   1.5059106E+01   2.5754677E+01  -6.1522497E+00  -6.3281542E+00   2.8054702E+00   1.2845550E+01  -1.3448569E+01   8.6771615E+00   6.8284377E+00   9.2898238E+00   8.1660581E+00  
200   1.5059106E+01   2.5754677E+01  -6.1522497E+00  -6.3281542E+00   2.8054702E+00   1.2845550E+01  -1.3448569E+01   8.6771615E+00   6.8284377E+00   9.2898238E+00   8.1660581E+00  
201   1.5059106E+01   2.5754677E+01  -6.1522497E+00  -6.3281542E+00   2.8054702E+00   1.2845550E+01  -1.3448569E+01   8.6771615E+00   6.8284377E+00   9.2898238E+00   8.1660581E+00  
202   1.5059106E+01   2.5754677E+01  -6.1522497E+00  -6.3281542E+00   2.8054702E+00   1.2845550E+01  -1.3448569E+01   8.6771615E+00   6.8284377E+00   9.2898238E+00   8.1660581E+00  
203   1.5059106E+01   2.5754677E+01  -6.1522497E+00  -6.3281542E+00   2.8054702E+00   1.2845550E+01  -1.3448569E+01   8.6771615E+00   6.8284377E+00   9.2898238E+00   8.1660581E+00  
204   1.5059106E+01   2.5754677E+01  -6.1522497E+00  -6.3281542E+00   2.8054702E+00   1.2845550E+01  -1.3448569E+01   8.6771615E+00   6.8284377E+00   9.2898238E+00   8.1660581E+00  
205   1.5059106E+01   2.5754677E+01  -6.1522497E+00  -6.3281542E+00   2.8054702E+00   1.2845550E+01  -1.3448569E+01   8.6771615E+00   6.8284377E+00   9.2898238E+00   8.1660581E+00  
206   1.5059106E+01   2.5754677E+01  -6.1522497E+00  -6.3281542E+00   2.8054702E+00   1.2845550E+01  -1.3448569E+01   8.6771615E+00   6.8284377E+00   9.2898238E+00   8.1660581E+00  
207   1.5059106E+01   2.5754677E+01  -6.1522497E+00  -6.3281542E+00   2.8054702E+00   1.2845550E+01  -1.3448569E+01   8.6771615E+00   6.8284377E+00   9.2898238E+00   8.1660581E+00  
208   1.5059106E+01   2.5754677E+01  -6.1522497E+00  -6.3281542E+00   2.8054702E+00   1.2845550E+01  -1.3448569E+01   8.6771615E+00   6.8284377E+00   9.2898238E+00   8.1660581E+00  
209   1.5059106E+01   2.5754677E+01  -6.1522497E+00  -6.3281542E+00   2.8054702E+00   1.2845550E+01  -1.3448569E+01   8.6771615E+00   6.8284377E+00   9.2898238E+00   8.1660581E+00  
210   1.5059106E+01   2.5754677E+01  -6.1522497E+00  -6.3281542E+00   2.8054702E+00   1.2845550E+01  -1.3448569E+01   8.6771615E+00   6.8284377E+00   9.2898238E+00   8.1660581E+00  
211   1.5059106E+01   2.5754677E+01  -6.1522497E+00  -6.3281542E+00   2.8054702E+00   1.2845550E+01  -1.3448569E+01   8.6771615E+00   6.8284377E+00   9.2898238E+00   8.1660581E+00  
212   1.5059106E+01   2.5754677E+01  -6.1522497E+00  -6.3281542E+00   2.8054702E+00   1.2845550E+01  -1.3448569E+01   8.6771615E+00   6.8284377E+00   9.2898238E+00   8.1660581E+00  
213   1.5059106E+01   2.5754677E+01  -6.1522497E+00  -6.3281542E+00   2.8054702E+00   1.2845550E+01  -1.3448569E+01   8.6771615E+00   6.8284377E+00   9.2898238E+00   8.1660581E+00  
214   1.5059106E+01   2.5754677E+01  -6.1522497E+00  -6.3281542E+00   2.8054702E+00   1.2845550E+01  -1.3448569E+01   8.6771615E+00   6.8284377E+00   9.2898238E+00   8.1660581E+00  
215   1.5059106E+01   2.5754677E+01  -6.1522497E+00  -6.3281542E+00   2.8054702E+00   1.2845550E+01  -1.3448569E+01   8.6771615E+00   6.8284377E+00   9.2898238E+00   8.1660581E+00  
216   1.5059106E+01   2.5754677E+01  -6.1522497E+00  -6.3281542E+00   2.8054702E+00   1.2845550E+01  -1.3448569E+01   8.6771615E+00   6.8284377E+00   9.2898238E+00   8.1660581E+00  
217   1.5059106E+01   2.5754677E+01  -6.1522497E+00  -6.3281542E+00   2.8054702E+00   1.2845550E+01  -1.3448569E+01   8.6771615E+00   6.8284377E+00   9.2898238E+00   8.1660581E+00  
218   1.5059106E+01   2.5754677E+01  -6.1522497E+00  -6.3281542E+00   2.8054702E+00   1.2845550E+01  -1.3448569E+01   8.6771615E+00   6.8284377E+00   9.2898238E+00   8.1660581E+00  
219   1.5059106E+01   2.5754677E+01  -6.1522497E+00  -6.3281542E+00   2.8054702E+00   1.2845550E+01  -1.3448569E+01   8.6771615E+00   6.8284377E+00   9.2898238E+00   8.1660581E+00  
220   1.5059106E+01   2.5754677E+01  -6.1522497E+00  -6.3281542E+00   2.8054702E+00   1.2845550E+01  -1.3448569E+01   8.6771615E+00   6.8284377E+00   9.2898238E+00   8.1660581E+00  
