Iter Gbest GbestRate[%] IterBestFit normSwarmRadius |gbest-mean(pbest)|/mean(pbest)[%] 
1   2.0638909E+01  100.000   2.0638909E+01   4.3087257E-01    0.000  
2   2.0394094E+01    1.186   2.0394094E+01   3.5428910E-01    0.000  
3   2.0394094E+01    0.000   2.0959999E+01   4.2671976E-01    0.000  
4   2.0394094E+01    0.000   2.0662879E+01   3.9761197E-01    0.000  
5   2.0394094E+01    0.000   2.0423092E+01   3.5792817E-01    0.000  
6   2.0394094E+01    0.000   2.0457920E+01   3.3499582E-01    0.000  
7   1.9961408E+01    2.122   1.9961408E+01   2.7536664E-01    0.000  
8   1.9961408E+01    0.000   2.0591907E+01   2.7104278E-01    0.000  
9   1.9769415E+01    0.962   1.9769415E+01   2.5256231E-01    0.000  
10   1.9769415E+01    0.000   2.0119604E+01   2.3891382E-01    0.000  
11   1.9662380E+01    0.541   1.9662380E+01   2.4167750E-01    0.000  
12   1.9662380E+01    0.000   2.0076763E+01   2.3855569E-01    0.000  
13   1.9662380E+01    0.000   2.0441210E+01   2.0749434E-01    0.000  
14   1.9662380E+01    0.000   2.1051378E+01   2.0833871E-01    0.000  
15   1.9662380E+01    0.000   2.0626193E+01   2.1860619E-01    0.000  
16   1.9462747E+01    1.015   1.9462747E+01   2.0921503E-01    0.000  
17   1.6438954E+01   15.536   1.6438954E+01   1.8996349E-01    0.000  
18   1.6438954E+01    0.000   1.8172820E+01   2.0087520E-01    0.000  
19   1.6438954E+01    0.000   2.0387111E+01   1.9891044E-01    0.000  
20   1.6438954E+01    0.000   2.0125016E+01   1.9416337E-01    0.000  
21   1.6438954E+01    0.000   1.9851366E+01   1.9483114E-01    0.000  
22   1.6438954E+01    0.000   1.8762028E+01   1.8409501E-01    0.000  
23   1.6438954E+01    0.000   1.7706563E+01   1.8617032E-01    0.000  
24   1.6438954E+01    0.000   1.6957931E+01   1.8973671E-01    0.000  
25   1.6438954E+01    0.000   1.6562286E+01   1.9271932E-01    0.000  
26   1.6438954E+01    0.000   1.8702305E+01   1.7830759E-01    0.000  
27   1.6438954E+01    0.000   1.9677771E+01   1.7361496E-01    0.000  
28   1.6438954E+01    0.000   2.0575042E+01   1.9432831E-01    0.000  
29   1.6438954E+01    0.000   2.0196060E+01   1.9803475E-01    0.000  
30   1.6438954E+01    0.000   1.8872398E+01   1.9537294E-01    0.000  
31   1.6438954E+01    0.000   1.8230609E+01   1.8997432E-01    0.000  
32   1.6438954E+01    0.000   1.7909177E+01   1.7736523E-01    0.000  
33   1.6438954E+01    0.000   1.8797877E+01   1.7163118E-01    0.000  
34   1.6438954E+01    0.000   1.9720159E+01   1.7954914E-01    0.000  
35   1.6438954E+01    0.000   1.9531662E+01   1.7802012E-01    0.000  
36   1.6438954E+01    0.000   1.9024595E+01   1.7963638E-01    0.000  
37   1.6438954E+01    0.000   1.9534091E+01   1.9119456E-01    0.000  
38   1.6438954E+01    0.000   1.8088631E+01   1.9741698E-01    0.000  
39   1.6438954E+01    0.000   1.7642827E+01   1.9188168E-01    0.000  
40   1.6438954E+01    0.000   1.8313027E+01   1.9258301E-01    0.000  
41   1.6438954E+01    0.000   1.9231174E+01   1.8671005E-01    0.000  
42   1.6438954E+01    0.000   1.8527763E+01   1.8375574E-01    0.000  
43   1.6438954E+01    0.000   1.9082346E+01   1.7728270E-01    0.000  
44   1.6438954E+01    0.000   2.0010326E+01   1.8358202E-01    0.000  
45   1.6438954E+01    0.000   1.9743184E+01   1.7944156E-01    0.000  
46   1.6438954E+01    0.000   1.9473561E+01   1.8138262E-01    0.000  
47   1.6438954E+01    0.000   1.8588753E+01   1.8729126E-01    0.000  
48   1.6438954E+01    0.000   1.7318007E+01   1.8549492E-01    0.000  
49   1.6438954E+01    0.000   1.7597829E+01   1.7987997E-01    0.000  
50   1.6438954E+01    0.000   1.8403079E+01   1.7736679E-01    0.000  
51   1.6438954E+01    0.000   1.8787769E+01   1.7621312E-01    0.000  
52   1.6438954E+01    0.000   1.8734196E+01   1.8078426E-01    0.000  
53   1.6438954E+01    0.000   1.8958970E+01   1.8702917E-01    0.000  
54   1.6438954E+01    0.000   1.7887597E+01   1.8573717E-01    0.000  
55   1.6438954E+01    0.000   1.9128580E+01   1.8565910E-01    0.000  
56   1.6438954E+01    0.000   1.9364069E+01   1.8538352E-01    0.000  
57   1.6438954E+01    0.000   1.9518935E+01   1.7867183E-01    0.000  
58   1.6438954E+01    0.000   1.9784448E+01   1.8479928E-01    0.000  
59   1.6438954E+01    0.000   1.9722995E+01   1.8625697E-01    0.000  
60   1.6438954E+01    0.000   1.8708912E+01   1.8219592E-01    0.000  
61   1.6438954E+01    0.000   1.8610301E+01   1.8326157E-01    0.000  
62   1.6438954E+01    0.000   1.7984262E+01   1.8106416E-01    0.000  
63   1.6438954E+01    0.000   1.7824480E+01   1.8668723E-01    0.000  
64   1.6438954E+01    0.000   1.8774760E+01   1.9002932E-01    0.000  
65   1.6438954E+01    0.000   1.9662240E+01   1.8497964E-01    0.000  
66   1.6438954E+01    0.000   1.9256181E+01   1.8003543E-01    0.000  
67   1.6438954E+01    0.000   1.8192570E+01   1.9503319E-01    0.000  
68   1.6438954E+01    0.000   1.7639575E+01   1.9410972E-01    0.000  
69   1.6427827E+01    0.068   1.6427827E+01   1.9646674E-01    0.000  
70   1.5059106E+01    8.332   1.5059106E+01   1.7291375E-01    0.000  
71   1.5059106E+01    0.000   1.7240301E+01   1.5462244E-01    0.000  
72   1.5059106E+01    0.000   1.8975288E+01   1.7790589E-01    0.000  
73   1.5059106E+01    0.000   1.9541358E+01   1.6719483E-01    0.000  
74   1.5059106E+01    0.000   1.9127240E+01   1.6135694E-01    0.000  
75   1.5059106E+01    0.000   1.8383726E+01   1.5696851E-01    0.000  
76   1.5059106E+01    0.000   1.7160167E+01   1.5681262E-01    0.000  
77   1.5059106E+01    0.000   1.6976896E+01   1.6059249E-01    0.000  
78   1.5059106E+01    0.000   1.6845421E+01   1.5765892E-01    0.000  
79   1.5059106E+01    0.000   1.7159852E+01   1.5398871E-01    0.000  
80   1.5059106E+01    0.000   1.7126173E+01   1.5530537E-01    0.000  
81   1.5059106E+01    0.000   1.7575860E+01   1.6040506E-01    0.000  
82   1.5059106E+01    0.000   1.7921676E+01   1.5260662E-01    0.000  
83   1.5059106E+01    0.000   1.8332886E+01   1.5686287E-01    0.000  
84   1.5059106E+01    0.000   1.8168345E+01   1.5311653E-01    0.000  
85   1.5059106E+01    0.000   1.8048013E+01   1.5501047E-01    0.000  
86   1.5059106E+01    0.000   1.7462874E+01   1.5096870E-01    0.000  
87   1.5059106E+01    0.000   1.7188539E+01   1.5026175E-01    0.000  
88   1.5059106E+01    0.000   1.7032000E+01   1.5185121E-01    0.000  
89   1.5059106E+01    0.000   1.7662963E+01   1.5294754E-01    0.000  
90   1.5059106E+01    0.000   1.8374659E+01   1.4121343E-01    0.000  
91   1.5059106E+01    0.000   1.7729451E+01   1.4099159E-01    0.000  
92   1.5059106E+01    0.000   1.7668598E+01   1.4398957E-01    0.000  
93   1.5059106E+01    0.000   1.7684219E+01   1.4871619E-01    0.000  
94   1.5059106E+01    0.000   1.7471885E+01   1.5681117E-01    0.000  
95   1.5059106E+01    0.000   1.7831046E+01   1.6086525E-01    0.000  
96   1.5059106E+01    0.000   1.7913668E+01   1.6336300E-01    0.000  
97   1.5059106E+01    0.000   1.8298033E+01   1.6162099E-01    0.000  
98   1.5059106E+01    0.000   1.8382371E+01   1.6127752E-01    0.000  
99   1.5059106E+01    0.000   1.8130651E+01   1.5446468E-01    0.000  
100   1.5059106E+01    0.000   1.7621140E+01   1.4464053E-01    0.000  
101   1.5059106E+01    0.000   1.7297274E+01   1.4529675E-01    0.000  
102   1.5059106E+01    0.000   1.7643239E+01   1.4712521E-01    0.000  
103   1.5059106E+01    0.000   1.8020774E+01   1.5027504E-01    0.000  
104   1.5059106E+01    0.000   1.8402101E+01   1.5613221E-01    0.000  
105   1.5059106E+01    0.000   1.8728838E+01   1.5787523E-01    0.000  
106   1.5059106E+01    0.000   1.8500811E+01   1.5730696E-01    0.000  
107   1.5059106E+01    0.000   1.7760293E+01   1.5293855E-01    0.000  
108   1.5059106E+01    0.000   1.7070135E+01   1.5695873E-01    0.000  
109   1.5059106E+01    0.000   1.7680164E+01   1.5749496E-01    0.000  
110   1.5059106E+01    0.000   1.8251607E+01   1.5238079E-01    0.000  
111   1.5059106E+01    0.000   1.8469492E+01   1.5201763E-01    0.000  
112   1.5059106E+01    0.000   1.8902840E+01   1.5738501E-01    0.000  
113   1.5059106E+01    0.000   1.8653022E+01   1.5371324E-01    0.000  
114   1.5059106E+01    0.000   1.7525948E+01   1.5751210E-01    0.000  
115   1.5059106E+01    0.000   1.8157214E+01   1.6126676E-01    0.000  
116   1.5059106E+01    0.000   1.7765874E+01   1.5744565E-01    0.000  
117   1.5059106E+01    0.000   1.6947394E+01   1.4908218E-01    0.000  
118   1.5059106E+01    0.000   1.6311264E+01   1.5184834E-01    0.000  
119   1.5059106E+01    0.000   1.7371103E+01   1.5797231E-01    0.000  
120   1.5059106E+01    0.000   1.8179344E+01   1.5086224E-01    0.000  
121   1.5059106E+01    0.000   1.8416007E+01   1.4237119E-01    0.000  
122   1.5059106E+01    0.000   1.9445003E+01   1.4477753E-01    0.000  
123   1.5059106E+01    0.000   1.8646367E+01   1.5303420E-01    0.000  
124   1.5059106E+01    0.000   1.8256173E+01   1.4273445E-01    0.000  
125   1.5059106E+01    0.000   1.7230056E+01   1.4479682E-01    0.000  
126   1.5059106E+01    0.000   1.6917996E+01   1.4515938E-01    0.000  
127   1.5059106E+01    0.000   1.6869422E+01   1.5237220E-01    0.000  
128   1.5059106E+01    0.000   1.6464722E+01   1.4515002E-01    0.000  
129   1.5059106E+01    0.000   1.7002347E+01   1.4278845E-01    0.000  
130   1.5059106E+01    0.000   1.7114506E+01   1.4824268E-01    0.000  
131   1.5059106E+01    0.000   1.8717222E+01   1.4765524E-01    0.000  
132   1.5059106E+01    0.000   1.8717379E+01   1.4900421E-01    0.000  
133   1.5059106E+01    0.000   1.8974090E+01   1.5055213E-01    0.000  
134   1.5059106E+01    0.000   1.8833762E+01   1.4213850E-01    0.000  
135   1.5059106E+01    0.000   1.8165572E+01   1.4208341E-01    0.000  
136   1.5059106E+01    0.000   1.7003538E+01   1.4844373E-01    0.000  
137   1.5059106E+01    0.000   1.7144594E+01   1.5700441E-01    0.000  
138   1.5059106E+01    0.000   1.8091026E+01   1.6016046E-01    0.000  
139   1.5059106E+01    0.000   1.8052335E+01   1.5772086E-01    0.000  
140   1.5059106E+01    0.000   1.8539052E+01   1.5636318E-01    0.000  
141   1.5059106E+01    0.000   1.7714596E+01   1.5393377E-01    0.000  
142   1.5059106E+01    0.000   1.7337078E+01   1.5245183E-01    0.000  
143   1.5059106E+01    0.000   1.7728395E+01   1.5132462E-01    0.000  
144   1.5059106E+01    0.000   1.7713387E+01   1.5206586E-01    0.000  
145   1.5059106E+01    0.000   1.7423934E+01   1.4830086E-01    0.000  
146   1.5059106E+01    0.000   1.8367592E+01   1.4164430E-01    0.000  
147   1.5059106E+01    0.000   1.8501292E+01   1.4826927E-01    0.000  
148   1.5059106E+01    0.000   1.9167236E+01   1.5457363E-01    0.000  
149   1.5059106E+01    0.000   1.9048900E+01   1.5461159E-01    0.000  
150   1.5059106E+01    0.000   1.8137815E+01   1.5138072E-01    0.000  
151   1.5059106E+01    0.000   1.8750457E+01   1.4857060E-01    0.000  
152   1.5059106E+01    0.000   1.8395005E+01   1.4963212E-01    0.000  
153   1.5059106E+01    0.000   1.8430098E+01   1.5533783E-01    0.000  
154   1.5059106E+01    0.000   1.8992882E+01   1.5374701E-01    0.000  
155   1.5059106E+01    0.000   1.9386041E+01   1.6238708E-01    0.000  
156   1.5059106E+01    0.000   1.9361615E+01   1.5749042E-01    0.000  
157   1.5059106E+01    0.000   1.9201376E+01   1.5842800E-01    0.000  
158   1.5059106E+01    0.000   1.7798171E+01   1.4603789E-01    0.000  
159   1.5059106E+01    0.000   1.7325010E+01   1.5332061E-01    0.000  
160   1.5059106E+01    0.000   1.7223212E+01   1.5714353E-01    0.000  
161   1.5059106E+01    0.000   1.7687283E+01   1.5759527E-01    0.000  
162   1.5059106E+01    0.000   1.8251021E+01   1.4947607E-01    0.000  
163   1.5059106E+01    0.000   1.7727223E+01   1.5777959E-01    0.000  
164   1.5059106E+01    0.000   1.8510464E+01   1.5568250E-01    0.000  
165   1.5059106E+01    0.000   1.8488054E+01   1.5996133E-01    0.000  
166   1.5059106E+01    0.000   1.8598192E+01   1.5189225E-01    0.000  
167   1.5059106E+01    0.000   1.8313333E+01   1.5590560E-01    0.000  
168   1.5059106E+01    0.000   1.8243265E+01   1.5222294E-01    0.000  
169   1.5059106E+01    0.000   1.7834257E+01   1.6423114E-01    0.000  
170   1.5059106E+01    0.000   1.8099806E+01   1.5532310E-01    0.000  
171   1.5059106E+01    0.000   1.7440816E+01   1.5419716E-01    0.000  
172   1.5059106E+01    0.000   1.7088447E+01   1.5437930E-01    0.000  
173   1.5059106E+01    0.000   1.6345426E+01   1.5837397E-01    0.000  
174   1.5059106E+01    0.000   1.6474554E+01   1.6054708E-01    0.000  
175   1.5059106E+01    0.000   1.8335674E+01   1.5250487E-01    0.000  
176   1.5059106E+01    0.000   1.9022540E+01   1.5776706E-01    0.000  
177   1.5059106E+01    0.000   1.8555329E+01   1.5143924E-01    0.000  
178   1.5059106E+01    0.000   1.7869400E+01   1.4974993E-01    0.000  
179   1.5059106E+01    0.000   1.8390859E+01   1.4797389E-01    0.000  
180   1.5059106E+01    0.000   1.9085905E+01   1.4897875E-01    0.000  
181   1.5059106E+01    0.000   1.9435715E+01   1.5373140E-01    0.000  
182   1.5059106E+01    0.000   1.9432779E+01   1.5096257E-01    0.000  
183   1.5059106E+01    0.000   1.8010059E+01   1.4508874E-01    0.000  
184   1.5059106E+01    0.000   1.6643563E+01   1.4609456E-01    0.000  
185   1.5059106E+01    0.000   1.6640974E+01   1.5079545E-01    0.000  
186   1.5059106E+01    0.000   1.6949940E+01   1.4697120E-01    0.000  
187   1.5059106E+01    0.000   1.7640864E+01   1.5295262E-01    0.000  
188   1.5059106E+01    0.000   1.8374210E+01   1.5388659E-01    0.000  
189   1.5059106E+01    0.000   1.8727786E+01   1.5436238E-01    0.000  
190   1.5059106E+01    0.000   1.8641556E+01   1.5487591E-01    0.000  
191   1.5059106E+01    0.000   1.8361535E+01   1.5099853E-01    0.000  
192   1.5059106E+01    0.000   1.8460840E+01   1.5186770E-01    0.000  
193   1.5059106E+01    0.000   1.8467268E+01   1.4861076E-01    0.000  
194   1.5059106E+01    0.000   1.8176026E+01   1.4317316E-01    0.000  
195   1.5059106E+01    0.000   1.7181466E+01   1.4717172E-01    0.000  
196   1.5059106E+01    0.000   1.8169264E+01   1.5587333E-01    0.000  
197   1.5059106E+01    0.000   1.8946067E+01   1.6486085E-01    0.000  
198   1.5059106E+01    0.000   1.9117009E+01   1.6314754E-01    0.000  
199   1.5059106E+01    0.000   1.8467137E+01   1.6378347E-01    0.000  
200   1.5059106E+01    0.000   1.8022763E+01   1.5937942E-01    0.000  
201   1.5059106E+01    0.000   1.7471840E+01   1.5726395E-01    0.000  
202   1.5059106E+01    0.000   1.7821255E+01   1.5402098E-01    0.000  
203   1.5059106E+01    0.000   1.8190932E+01   1.4879230E-01    0.000  
204   1.5059106E+01    0.000   1.8400094E+01   1.4642510E-01    0.000  
205   1.5059106E+01    0.000   1.7636528E+01   1.4750137E-01    0.000  
206   1.5059106E+01    0.000   1.7901385E+01   1.4276328E-01    0.000  
207   1.5059106E+01    0.000   1.6851858E+01   1.4971366E-01    0.000  
208   1.5059106E+01    0.000   1.7719215E+01   1.5116531E-01    0.000  
209   1.5059106E+01    0.000   1.7467122E+01   1.5412006E-01    0.000  
210   1.5059106E+01    0.000   1.8621609E+01   1.5499728E-01    0.000  
211   1.5059106E+01    0.000   1.8388545E+01   1.5862622E-01    0.000  
212   1.5059106E+01    0.000   1.8720257E+01   1.4560553E-01    0.000  
213   1.5059106E+01    0.000   1.8132839E+01   1.5206502E-01    0.000  
214   1.5059106E+01    0.000   1.8150802E+01   1.5349994E-01    0.000  
215   1.5059106E+01    0.000   1.7615331E+01   1.5635877E-01    0.000  
216   1.5059106E+01    0.000   1.7984495E+01   1.5309476E-01    0.000  
217   1.5059106E+01    0.000   1.8473536E+01   1.4820459E-01    0.000  
218   1.5059106E+01    0.000   1.7964235E+01   1.4482543E-01    0.000  
219   1.5059106E+01    0.000   1.8292256E+01   1.5006196E-01    0.000  
220   1.5059106E+01    0.000   1.8605233E+01   1.5340556E-01    0.000  
